32,52
32,51
32,50
32,49
32,48
32,47
32,46
32,45
32,44
32,43
32,42
32,41
32,40
32,39
32,38
32,37
32,36
32,35
0,488
0,487
0,486
0,485
0,484
0,483
54,3
54,2
0,482
54,1
54,0
0,481
0,480
53,3
53,2
53,1
53,0
0,479
52,3
52,2
0,478
52,1
52,0
0,477
0,476
0,475
51,3
51,2
0,474
51,1
51,0
0,473
0,472
0,471
0,470
50,3
50,2
0,469
50,1
50,0
0,468
0,467
49,4
0,466
0,465
0,464
49,3
49,2
0,463
49,1
49,0
0,462
48,4
48,3
48,2
48,1
48,0
0,461
0,460
0,459
0,458
0,457
0,456
0,455
0,454
0,453
0,452
0,451
0,450
0,449
0,448
0,447
47,3
47,2
0,446
47,1
47,0
0,445
0,444
0,443
46,3
46,2
0,442
46,1
46,0
0,441
0,440
0,439
45,3
45,2
0,438
45,1
45,0
0,437
0,436
0,435
44,3
44,2
0,434
44,1
44,0
0,433
0,432
0,431
43,3
43,2
0,430
43,1
43,0
0,429
0,428
0,427
0,426
42,4
0,425
0,424
